

271969
27122712
27122526
271177
271176
27112527
27112004
271100
271099
27102533
27102531
27101983
27101981
270931
270832
27082533
27081996
27081980
27081979
270802
270800
27072531
27072529
27072007
270680
27062525
27061995
27061984
270603
270527
27052536
27051996
27051993
270477
27042526
270404
270399
270398
27031996
27031981
270235
270179
270177
27011995
27011994
270027
26october
26noviembre
26deenero
2691992
2681995
2681991
2661993
2661991
264357
264264
2641988
263900
262900
262824
262700
262534
262518
262514
262006
261469933
26132613
261274
2611986
261173
261172
26112531
26112007
261120
26111982
261036
26102610
261026
26102533
261022
26101982
26101979
260974
260927
26091982
260880
260875
260830
26082530
26081982
260778
260733
260701
260674
260634
26062007
26062006
26061982
260602
26052530
260511
260502
260478
26041996
260402
260326
26031983
260308
260279
260236
26021995
260204
260179
260109
260103
25octubre
25deoctubre
25august
258800
25852585
25801
25792579
25652565
256341
2561991
25592559
25442544
253434
25332532
253316
25322534
25322529
2531986
253113
253112
253111
25302525
252928
252926
25292528
25292526
252911
252905
252831
252823
252821
252816
252777
25272530
252678
25262530
252624
252618
252599
25258
25256
252555
252539
25253
252428
252417
252321
252215
252213
25212524
25212522
252099
252012
252010
252009
251925
251827
25182519
251822
251819
251407
25131970
251311
251299
25122528
25122004
25121978
2511994
251176
251123
251077
251074
251038
251028
25102528
25101981
250931
250927
25092007
25091979
25082532
25082530
25082529
250775
250729
25072532
25072531
25071993
250702
250630
250575
250535
250532
250530
250528
25052525
250501
250498
250433
25042528
25041982
250402
250400
250302
250236
25022502
250212
250177
25011987
25011984
2500hd
24freak
24denoviembre
24992530
248657913
24752475
24687
246853
246851
2468369
246819
246810121416
24642464
245689
244345
24402440
242930
242911
242627
242513
242500
242469
242450
2424242424
242400
242006
241974
24172417
24132413
241230
24122528
24122007
241215
241214
241201
241132
24112534
24112007
24111994
24111985
24111980
24111979
241101
241023
24102007
241010
241002
241000
240979
240974
240931
240928
24092533
24092530
24092527
240902
240900
240897
240896
24072532
24072527
24072407
240669
24061996
24061982
240597
24052535
24051980
240436
240430
24042533
240424
24041996
240400
240398
240332
240328
24032526
24031983
240298
240227
24021981
240198
240131
24012535
24012532
24012007
24011996
240101
23pink
23march
23junio
23july
2391990
23902390
2371987
23662366
235523
23482348
23451
232823
232700
232623
232600
232514
232356
232321
232314
2321994
2321992
232008
232001
231900
23182318
23172317
231313
231271
23122530
23122524
231224
23121981
231197
231174
23112525
23111983
231108
23101979
231012
230934
23092528
23092527
230834
230831
230827
230820
230724
230698
230675
23062532
23062524
23061979
230534
230524
23051981
230501
230456
23042533
230423
23042007
23032528
230299
230278
230274
230234
23022530
23021983
230209
230128
23012534
230109
22juni
22july
22diciembre
22dediciembre
229988
2291991
228855
228722
2281989
2281988
22789
22742274
2271994
2271993
2271992
2271991
2271989
22589
22582258
225555
2251988
224567
224428
2241993
22352235
22345678
222730
222728
222722
222536
222514
222456
222329
222326
222322
222306
222224
2222222222222222
222220
222205
2221990
221999
221530
221522
221313
221309
221275
221271
221268
221236
221223
22122005
22121980
221213
221212
2211994
2211991
221173
221121
22112004
22111996
22111995
22111983
221118
221099
221071
22102535
22102002
221010
220936
220900
220778
220776
220727
22072527
220722
220702
220699
220698
220631
22061984
22061981
220576
220535
22052535
22051978
220503
220430
22042204
22042007
220331
22032534
22031996
220274
22021996
22021982
22021981
220212
220137
22012531
22012525
22011995
220101
220099
21octubre
21guns
21deoctubre
21denoviembre
21angel
2191995
2191993
2191989
2171994
2171986
2161987
21589
2151994
21490
21489
2142005
214100
214000
21362136
21322132
2131990
21313
21287
212830
212829
212802
212522
212515
212506
212400
212234
2121995
212133
212131
212121a
212110
21210
212021
21194
21182118
211517
211429
211308
211264
21122527
211223
21122005
211220
2111994
2111989
211129
211125
21111976
211114
21111
211074
211026
21102536
21102530
211021
210933
21092532
21092526
21090
210828
210769
210733
21072530
21072529
21072528
21071995
210719
210636
21062531
21062529
210572
21052533
21051997
210478
210427
21041982
210400
21032531
21031982
210310
210300
2103
210297
210275
21022007
21021981
2101991
210199
210197
210176
21012532
21012008
210102
21006
20noviembre
20august
2081992
2071991
2071990
2061992
2051991
20382038
2031995
2031989
203011
202729
202523
202303
202226
202200
202129
202124
202121
202022
201974
201518
201301
201275
201233
201229
201226
20122007
20122004
201178
201128
201122
20111996
201056
201034
20102533
20102006
2009baby
200934
200933
200932
20092532
20092526
200918
200873
200829
20082533
20082532
200821
20082005
20081983
200775
200728
20071981
2007123
200709
200699
20066
200632
20062532
200622
200616
200614
200531
200521
20051983
200517
200515
2004grad
200498
200427
200420
20041979
200410
200399
200331
200330
20032535
20031982
2002ford
200278
200235
20022008
20022007
20021
2002002
200175
200129
200123
20002002
200020
20001
200003
1yourmom
1x556w
1wonderful
1wedding
1w1w1w
1vision
1vegas
1unicorn
1twothree
1tristan
1toyota
1tigger1
1thuglife
1sweets
1subway
1street
1stoner
1steph
1stella
1stacey
1special
1spanky
1south
1sonny
1soccer1
1smoke
1shortie
1sexythang
1sexymom
1sexydiva
1sexybeast
1serenity
1santana
1rocks
1rock
1redrum
1queenbee
1qazxcvbnm
1qaz2wsx3e
1qaz1q
1qaz-pl,
1qasw2
1puertorico
1preston
1praise
1poopy
1poopie
1pixie
1pineapple
1pimp1
1paradise
1norte4
1newstart
1newday
1namillion
1murphy
1monroe
1monday
1missu
1mike
1memphis
1melanie
1massage
1mason
1marley
1marlboro
1luvbaby
1lupita
1lovesteve
1lovesex
1lovescott
1lovergirl
1lovelife
1lovejoe
1lovejames
1loveer
1lovedaddy
1loveboys
1lov3u
1lifetime
1lifesucks
1leslie
1laura
1kimberly
1kenneth
1keith
1katrina
1julius
1juanita
1jorge
1john316
1jermaine
1jelly
1jazmine
1iluvme
1homie
1hollywood
1holla
1gerard
1g,2al,ja
1frogger
1frank
1frances
1female
1felix
1feather
1evelyn
1duckie
1drama
1donkey
1dog1cat
1dirtbike
1detroit
1deenero
1daysoon
1dancing
1cynthia
1curtis
1cracker
1copper
1clover
1ciara
1christy
1chichi
1charmed
1capone
1candyman
1candace
1breezy
1brandi
1bobcat
1blessing
1blackcat
1bible
1bethany
1becky
1beach
1barber
1arturo
1armando
1ariel
1alex1
1abc23
1a2a3a4a5a
1a23456
1QUEEN
1QAZXSW2
19octubre
19defebrero
199923
199826
199820
199726
199701
1996baby
19967
199645
199631
19962006
199599
19952006
199519951995
19951993
199496
199495
19949
199478
199432
199399
199395
199377
19935
199277
199256
19921989
19921202
19920103
1991989
199155
19910811
199089
19907
19903
19901986
198986
198976
198956
19892009
19891991
198919891989
19891905
19891210
19891209
19891031
19891023
19891013
19889
19888891
198887
198833
19881986
19881224
19881206
19881129
19880823
19880513
198793
19871126
19871122
19871111
19871015
19870811
19870214
198677
19867
198632
19861020
19861010
19860606
198566
198564
19852007
19852006
19852004
19850101
198486
19842008
19841987
198319831983
1983000
19822007
1981994
198116
198114
198075
198031
19802000
19801985
198002
197915
197914
19790
19781980
19781979
197807
197803
197725
19772000
197715
197627
197614
197522
197520
197505
19750
197456
197426
197415
197410
197408
197327
1973
197234
197211
197108
197070
197036
197011
196823
196767
19671994
1965
196100
196000
1957
1955chevy
193728465
19351935
19321932
1931993
192521
192323
1921994
1921987
192106
19202122
192003
192002
191998
191973
191910
19181716
191619
191612
19151915
191519
19131913
19121981
19121980
191218
19112530
19112524
191100
191023
19101980
19091979
190909
190902
190900
190833
190832
190830
19082007
19081983
19081982
190732
19072531
190722
19071981
190627
19061978
190602
190571
190555
19052525
19042532
19042526
190400
190332
19032525
190325
190321
190235
19021997
19021996
19021983
190133
19011996
19011995
19011987
19011982
19001900123
18june
18diciembre
18deagosto
18celtic88
18agosto
187bitch
187213
187000
18441844
1841992
184184
183792
182736
182730
182518
182411
182130
182128
182127
182107
182100
182030
182024
182003
181999
181974
181966
181930
181918
181828
181800
181518
181227
18121980
18121979
181199
181178
181175
18112531
18112005
181077
181038
181027
181000
180974
18092532
18092007
18091981
180903
180900
180877
180834
18082531
18081986
18081983
18072533
18072526
18071996
180702
180636
180632
180631
18062535
18061806
180618
180574
18052530
18052529
180521
18051996
18051805
180428
180377
18032529
18031981
180234
18021802
180132
18011984
17june
17deenero
17agosto
179355
1771995
1771993
1771989
1751991
172804
172534
172517
172508
172500
172127
172125
172028
171976
171972
171927
171800
17151715
171512
171411
171317
171299
171277
171232
171231
171219
1711991
17112528
17112526
171125
17112006
171072
171034
171033
171027
17102531
171023
171020
17101996
17101980
171001
170935
17092531
170925
17092005
17091997
17091981
17082008
17081980
170801
170732
170729
17072529
17072007
170700
170678
170630
17061980
170600
170579
170530
17052533
17051983
17051981
170501
170479
170478
170475
17042532
17041994
17041704
170376
17032527
17031703
170297
17022526
17021996
17021982
170176
17011980
170106
1701
16stars
16june
16deoctubre
16dejulio
16agosto
169961
16881688
1671994
16691669
1641989
16381638
163012
162536
162515
162509
162508
162428
162325
16221622
1621988
162024
162009
162002
161998
161997
161974
161969
161921
161816
161729
161618
161612
161297
161233
16122005
161199
161161
16112535
161099
161027
16102532
161024
16101983
16101981
161018
16092526
16092007
16091996
160877
16082533
160805
160729
16072536
16072533
160624
160600
16052530
16051986
16051983
16051981
160478
160477
160429
160426
16042532
160402
16031995
160277
160228
16022530
16021986
160179
160104
15septiembre
15mayo
15junio
15june
15julio
15dediciembre
159874632
159874236
159870
159756
159753j
1597538624
15975322
159753159
159678
15948
1593578426
1593572684
15935
15923
158963
15891589
1571994
1551990
154236
1541992
153957
15299
152707
152538
152417
152369
152315
152310
152303
152301
152300
152124
151971
151903
151630
151625
151524
151521
1515151
15141514
151415
151277
151276
151268
151237
151227
15122528
151225
15121997
15121996
151214
151208
1511988
151174
151130
151129
15112533
15112532
15112527
15111981
151030
151027
15102536
15102535
151015
150878
150822
150821
15071983
15071980
150674
150629
150624
15061997
15061981
15052534
150521
15051981
150503
150427
15042529
15042005
15041996
150399
150377
150374
150329
150236
150233
150230
15022531
150209
150200
150179
150177
15012530
15011996
150108
150103
14octubre
1481987
1478963215
14756
1471990
146914
146900
145836
14581458
14571457
1456321
145000
143robert
143life
143joy
143jesse
143dan
143cute
143999
14389
14381438
143808
143737
143526
1434488
14343
143344
143342
14326
143216
1431993
143144
143112
143014
143012
142708
142700
142534
142521
142503
142404
142325
142324
142321
142123
142114
142010
142002
141999
141925
141923
141724
141722
141517
141422
141299
14122532
14122531
14122004
14121996
141213
14121
14120
141102
14102004
14101996
141014
140979
140976
140974
14092530
14091982
140901
140876
140833
140828
140827
14082531
140778
140774
140729
14072526
14071996
14071985
140678
140676
140626
14061982
140605
140601
140526
14052528
140509
140502
14042533
14042530
14042526
14041996
140331
140329
140327
140326
14032528
140322
14032008
14032007
14031986
14031403
140229
140226
140179
140130
14012007
13january
13green
13deoctubre
139755
1391991
13798246
137731
13681368
13661366
13651365
13579123
1357902468
1357642
13561356
13531353
1351991
1346798
13451345
13361336
13333
133144
132610
132534
132508
132412
13234
132227
132216
132025
132001
131921
131913
131727
131630
131625
131615
131600
131529
1314love
131488
131430
131223
131220
13121995
131218
131216
131208
131200
131177
131169
131166
131134
131125
131121
131119
131097
131071
131031
13102531
13102530
13102529
131011
131010
130997
130973
130934
130933
130928
13092536
13092526
13092525
13091981
130911
130876
130832
130831
130822
13081984
130777
130776
130732
130731
130728
13072532
13072528
13072007
13071985
130635
13062534
13061996
130619
130601
130527
13051982
13051981
130478
130427
13042533
130425
13042007
13042006
130403
130397
13032533
13032007
130274
130234
130232
13022532
13022531
130179
130128
13012533
13011983
13000
12q12q
12pimp
12oclock
12noviembre
12inch
12denoviembre
12bitch
12amor
129999
12990
129812
1291993
1291991
12907
12893
128912
12861286
1285
12841284
128412
127845
1271996
12705
12689
1261994
12593
12567
125643
125500
12531253
12529
12521
1251984
12493
124579
124456
1244244
1241997
123zzz
123you
123tink
123taz
123rbd
123ray
123princess
123marie
123mama
123lover
123kitty
123josh
123jose
123iluvu
123honey
123hannah
123emma
123ddd
123daniel
123dani
123chico
123bre
123bear
123ali
12396
12393
12388
12378945
1236987456
1236789
12365498
1234hello
123465789
12345jr
12345asd
123456sa
123456jc
123456ds
123456cm
123456cc
123456al
123456790
123456789luis
123456789M
1234567896
1234567892
123456787
12345671234567
123456..
12344567
1234356
123415
123405
1232525
12325
123214
1231984
1231981
123159753
12314
1231313
12313
123123t
123123c
1231231231
123123000
12311991
12311989
12309
123027
123023
123021
12302006
12301992
12301986
12301980
1230000
123.ie
123***
WindowsCoimbra!"#
122973
12295
12290
122871
122828
12281994
12281989
12280
12277
122729
122718
122667
122666
122665
122628
12261991
122568
122536
12251986
12251984
122510
122465
12241994
12241982
12241981
122356
122326
122321
12232005
12232002
12231990
122228
122225
122171
122131
12212005
12211987
12211986
122119
122109
12202006
12201991
12200
12198
121924
121923
12191985
12191
12188
121870
121868
121863
121766
121765
121731
12171992
12171989
121670
121630
121623
12162006
12161925
121610
121609
121570
121568
121522
12151988
12151987
12151984
121509
121422
12141986
12141984
